Life expectancy 
83.0
71.5
73.0
76.6
58.8
63.1
75.3
74.0
79.4
71.5
74.2
77.8
76.1
61.0
64.6
46.3
74.7
51.7
66.4
64.4
74.4
47.8
75.7
74.9
69.2
67.0
58.9
59.7
87.0
81.1
68.0
73.5
78.0
66.9
54.2
55.3
69.0
74.3
72.7
68.6
55.3
74.5
59.0
58.3
51.5
76.0
63.5
74.0
52.3
66.9
52.4
56.4
73.4
81.5
73.1
53.0
79.0
82.5
54.4
65.2
74.4
62.9
69.3
47.4
64.7
67.8
68.4
82.1
69.9
74.3
79.7
82.2
72.4
78.9
76.2
78.7
39.0
69.0
69.0
69.1
53.6
61.8
78.7
68.2
88.0
57.7
68.6
68.3
64.7
71.2
69.4
84.0
54.5
61.6
78.0
62.3
72.0
72.2
71.4
63.2
78.9
53.7
74.4
81.1
73.0
74.7
74.1
67.4
71.4
77.9
68.1
67.6
78.0
72.6
72.9
75.2
65.9
76.7
68.6
61.2
72.5
63.3
58.5
65.1
56.5
74.4
64.2
67.3
84.0
81.5
75.2
67.9
71.8
76.2
78.8
45.3
79.1
62.5
63.0
78.8
71.4
74.7
75.5
68.3
73.0
45.4
81.0
47.7
75.4
81.8
71.9
73.1
78.5
77.5
78.7
75.3
67.5
74.7
79.6
79.3
65.3
54.5
64.8
67.5
74.2
73.8
67.8
81.6
74.6
71.1
73.0
71.6
48.5
74.1
82.5
63.0
68.7
68.5
45.3
75.1
77.3
62.0
79.1
74.7
63.0
65.7
73.0
71.6
71.6
67.5
72.6
79.2
58.6
71.5
47.1
59.9
66.6
58.0
74.1
75.4
52.1
75.0
82.0
83.5
57.0
77.7
72.4
79.4
64.3
59.1
73.9
86.0
73.0
76.2
74.9
73.0
73.2
48.2
67.4
62.2
72.8
71.7
52.6
58.7
59.1
68.5
68.3
79.0
77.0
51.8
81.7
71.4
54.3
71.1
58.2
59.5
72.4
72.3
58.8
73.3
75.0
63.4
82.3
79.5
36.3
69.2
77.8
74.0
68.8
75.4
69.4
73.2
75.5
51.9
61.8
76.1
61.1
50.0
78.2
68.5
73.2
79.6
79.5
59.3
66.0
65.9
79.7
73.2
74.9
75.6
64.7
74.0
82.7
74.2
74.1
55.3
79.9
63.8
71.9
54.7
81.8
66.0
74.1
58.9
65.6
71.4
73.9
53.8
66.7
72.7
82.7
53.9
52.4
74.4
71.2
68.3
79.4
56.5
79.0
69.6
62.2
63.0
81.5
75.2
72.0
79.7
59.9
55.0
65.7
73.3
75.5
69.1
65.9
73.8
49.3
44.8
72.8
75.6
63.8
71.7
67.4
76.6
51.3
59.8
63.0
73.7
73.3
53.1
67.2
53.6
81.5
64.6
78.8
73.5
81.2
77.5
65.3
67.6
58.1
82.6
67.6
81.5
76.8
74.6
68.3
73.4
83.0
77.8
73.5
81.4
61.6
76.9
54.9
79.9
74.5
71.7
54.5
76.0
73.6
76.9
58.0
65.4
54.0
89.0
72.6
64.8
63.0
62.8
72.6
68.7
72.7
79.0
76.2
57.9
85.0
71.1
72.6
58.1
57.4
65.8
75.4
73.6
74.7
44.3
56.2
74.1
62.7
61.9
81.0
81.1
74.2
81.0
48.9
53.8
57.2
63.8
81.6
67.0
74.3
68.8
56.0
76.5
76.5
56.5
72.0
78.0
76.0
57.3
68.4
71.0
76.9
68.1
78.9
78.8
53.7
68.5
79.7
71.5
71.1
62.0
72.9
45.9
66.0
51.6
59.3
73.2
71.7
68.0
66.6
64.7
71.2
69.3
78.8
54.7
67.1
67.2
72.0
77.2
48.9
71.1
64.1
55.0
69.6
74.0
73.5
61.0
66.2
77.9
79.3
64.4
45.3
75.1
75.1
73.1
73.0
74.7
55.2
72.2
69.9
73.7
74.9
71.1
67.4
74.7
64.3
51.0
77.0
67.7
77.8
69.1
81.5
72.5
71.0
68.0
53.2
71.0
62.5
53.6
78.7
74.6
47.6
82.2
81.7
74.3
75.1
43.8
55.3
86.0
64.5
78.9
75.6
45.6
72.5
81.1
74.1
75.0
74.0
81.5
74.9
71.6
71.9
82.1
63.4
87.0
69.8
78.1
77.8
68.8
73.8
67.4
62.8
63.2
66.2
66.1
49.2
75.6
72.9
71.7
49.9
57.6
71.2
62.4
67.7
76.0
77.5
63.6
49.6
59.2
71.6
73.9
74.1
78.8
74.1
62.2
66.0
82.0
71.8
45.3
59.6
82.8
74.6
78.3
82.3
49.3
57.9
70.0
52.5
74.7
68.0
79.7
79.1
73.7
75.0
73.9
46.5
51.6
74.9
66.0
64.5
73.8
73.7
82.5
58.1
48.6
72.2
83.3
75.1
65.2
55.0
62.7
55.0
73.0
57.6
61.4
52.6
63.0
74.2
68.8
69.0
74.6
60.0
67.3
66.6
75.6
73.0
68.5
68.9
57.6
64.0
63.3
75.9
75.8
72.2
67.5
62.8
81.0
65.8
69.9
74.6
72.8
61.1
62.1
80.0
66.8
68.3
74.6
74.0
69.4
67.0
85.0
56.8
72.8
50.0
63.3
73.9
74.3
69.4
69.9
76.4
76.0
64.4
64.0
66.7
71.8
72.4
47.9
57.2
72.0
67.8
78.7
64.4
52.2
52.7
51.6
78.9
72.7
63.5
65.3
65.7
61.0
63.1
73.0
74.1
74.7
48.1
71.4
74.5
52.9
72.8
56.9
73.0
71.0
78.0
78.7
71.6
46.4
73.5
74.2
69.0
52.2
49.8
72.6
87.0
67.3
77.7
71.7
75.0
55.7
78.0
51.9
74.2
85.0
63.2
59.8
78.0
68.5
53.2
66.4
77.3
81.1
73.0
65.0
84.0
74.5
69.6
56.5
75.9
68.1
62.4
71.1
81.0
57.5
76.2
78.8
69.0
44.0
55.9
82.5
66.7
51.5
75.0
65.7
74.0
54.0
73.6
65.4
58.2
76.4
61.3
75.8
72.4
48.5
65.0
79.4
81.0
62.5
74.4
58.2
68.1
75.3
80.0
77.5
68.2
72.9
62.8
62.6
62.6
64.4
71.1
59.0
52.8
56.8
59.3
73.2
75.8
83.0
74.8
75.4
48.0
73.0
76.0
79.4
74.5
68.3
51.1
71.8
64.3
59.1
81.9
69.3
65.1
54.1
72.2
58.7
73.0
66.8
78.0
72.9
69.2
76.5
73.3
44.6
65.3
55.3
71.9
81.2
77.1
76.1
78.1
61.0
67.3
76.6
64.8
77.3
73.0
56.7
67.5
73.2
73.6
59.8
64.3
64.0
49.8
67.4
71.0
67.8
57.4
74.2
46.4
74.6
78.6
77.2
47.9
57.1
63.9
65.8
67.2
69.3
49.6
52.2
72.7
71.4
67.0
69.9
47.1
76.7
71.0
69.8
66.3
55.3
79.0
48.3
75.2
72.3
73.0
76.0
76.3
81.0
79.2
53.2
73.8
74.5
71.4
81.0
69.2
79.9
51.4
51.0
66.6
55.9
65.0
65.9
52.0
69.4
79.3
74.7
74.1
67.0
56.0
76.5
64.5
57.3
65.5
72.5
70.0
67.3
73.6
76.1
47.7
77.0
64.6
75.0
78.4
68.9
62.7
75.5
65.4
76.0
58.9
75.0
66.1
66.0
78.0
75.7
63.8
72.7
58.1
58.5
69.5
69.6
72.6
74.8
68.7
76.8
73.9
72.3
77.0
62.2
79.2
73.7
61.2
78.2
66.5
63.8
89.0
79.2
62.0
75.4
74.9
72.3
82.0
54.3
56.8
72.0
49.7
64.7
54.9
55.0
66.3
67.4
85.0
61.4
81.3
65.7
72.9
75.0
63.0
79.0
74.8
58.4
51.2
57.5
73.9
72.6
73.0
73.6
75.4
56.7
72.3
72.3
45.7
73.0
75.0
79.5
75.3
58.3
75.4
81.8
61.1
54.8
79.3
62.7
76.0
57.3
68.0
66.7
75.6
81.4
73.6
59.2
78.3
73.0
52.1
75.0
81.0
82.0
81.7
78.0
82.9
68.0
77.7
69.3
75.0
73.2
77.2
62.9
79.2
56.0
64.1
74.9
58.9
81.1
89.0
81.3
76.3
75.3
62.3
79.7
68.0
57.4
74.5
73.7
78.5
77.0
48.7
78.9
73.0
83.7
73.9
74.1
71.8
78.3
66.8
75.0
72.8
62.6
74.3
61.2
73.1
66.4
73.8
64.0
58.1
73.7
82.7
75.6
71.5
63.5
71.9
73.9
77.5
66.0
72.7
81.6
56.8
78.2
75.9
65.6
69.8
79.5
78.3
57.9
58.0
74.3
72.3
71.2
75.3
68.9
55.7
59.7
88.0
66.8
77.0
81.0
63.9
65.3
69.9
72.7
78.1
57.5
54.0
45.5
74.9
69.3
74.5
74.9
83.4
49.6
51.7
51.5
72.9
78.6
59.2
72.0
51.8
67.6
78.2
72.5
72.1
69.3
59.7
81.0
66.5
56.9
67.4
78.2
58.2
75.4
58.5
75.8
75.4
58.2
72.6
65.2
46.2
74.6
71.8
71.6
64.7
63.3
71.2
71.3
64.8
62.0
77.0
77.0
73.2
72.8
73.0
72.6
73.3
65.4
57.1
81.0
74.2
77.3
75.9
66.3
64.2
48.1
48.5
74.5
71.0
73.9
71.0
54.0
63.0
73.1
75.4
68.0
67.3
74.2
78.0
58.0
78.1
73.0
52.1
67.9
48.8
47.8
72.6
67.9
62.9
83.0
51.2
74.2
77.0
72.9
87.0
48.0
47.6
61.5
71.9
69.8
78.6
89.0
76.3
59.7
74.1
66.2
75.7
75.4
66.2
68.2
74.5
73.6
50.0
62.1
73.9
71.0
64.2
72.1
64.3
68.0
43.3
61.4
63.7
49.2
79.7
59.2
72.2
61.0
69.4
83.0
68.5
55.6
68.4
76.4
77.5
72.8
54.1
48.6
75.4
64.0
75.4
69.1
77.5
72.9
75.2
71.6
84.0
52.5
75.0
54.8
75.3
43.1
81.0
77.6
76.1
77.3
82.0
71.8
68.0
72.1
79.0
74.1
77.8
71.4
76.0
74.8
44.5
55.0
78.3
46.8
57.5
73.6
58.0
69.7
71.3
51.4
78.7
77.0
76.0
69.9
55.6
75.2
71.6
65.8
73.6
67.7
79.7
77.0
76.4
77.8
74.9
63.7
56.3
58.1
77.2
74.3
72.1
77.8
80.0
76.8
64.8
73.2
74.4
46.6
81.7
76.8
72.5
81.3
51.2
79.3
73.2
73.1
58.4
73.5
44.6
84.0
86.0
44.6
73.4
55.0
71.3
66.0
68.3
59.6
66.6
73.4
78.9
86.0
73.8
42.3
76.0
78.0
69.0
73.0
63.6
52.4
78.7
56.0
73.3
73.8
59.3
79.4
81.0
73.5
81.7
75.4
73.8
62.5
66.0
75.9
59.7
76.0
58.4
72.5
73.5
82.0
80.0
55.3
58.6
73.3
56.7
62.0
74.7
74.5
68.4
77.3
71.7
73.5
75.0
65.8
79.9
54.1
76.9
52.6
73.7
76.6
68.4
69.1
53.2
78.0
71.7
81.0
68.5
88.0
73.3
65.4
79.8
57.6
75.9
67.0
72.9
78.0
65.6
67.5
78.2
62.8
75.6
81.2
69.9
72.7
46.8
52.5
71.7
80.0
76.2
59.9
78.2
81.2
78.3
63.5
77.2
58.0
58.0
72.5
58.3
76.0
64.9
62.7
69.1
74.4
81.7
77.1
52.5
73.3
76.1
51.0
75.8
83.0
69.5
57.6
52.2
79.0
62.2
65.9
67.0
71.6
71.8
64.0
51.0
45.7
74.0
77.0
62.3
76.6
73.7
75.3
72.4
72.2
66.6
54.4
64.4
71.4
66.6
73.6
82.0
68.0
74.2
59.0
53.6
69.5
71.8
80.0
78.0
62.8
66.1
86.0
82.7
72.0
67.7
73.4
76.9
73.9
73.1
57.9
85.0
68.2
76.8
67.7
63.4
81.4
77.0
71.8
75.5
65.0
74.8
69.0
83.1
76.7
62.0
64.9
68.7
72.5
74.2
58.7
72.7
72.7
67.3
56.7
64.9
82.2
71.0
73.5
71.6
74.5
71.0
79.5
76.1
67.2
72.4
69.1
81.7
78.5
75.6
58.8
71.7
65.1
79.1
67.7
73.6
54.3
63.3
76.0
59.3
57.5
69.4
52.1
76.9
73.7
71.5
64.0
64.4
64.1
64.7
74.1
79.7
73.4
57.8
65.4
73.4
47.1
78.1
64.3
82.0
72.7
83.0
81.1
45.7
67.8
68.8
77.4
62.0
62.0
65.0
68.9
67.0
78.0
59.7
78.7
49.0
75.6
79.0
54.0
65.6
82.0
77.2
62.0
75.2
79.6
63.5
73.0
71.5
54.0
74.0
65.9
79.2
57.4
63.1
79.2
71.4
52.0
81.8
69.2
75.1
69.6
74.2
83.0
81.6
74.2
63.9
61.5
82.5
73.6
81.7
73.1
77.6
51.5
74.9
62.9
51.8
72.6
74.8
53.3
56.1
68.3
79.8
66.7
71.6
71.3
51.5
74.4
77.6
79.3
68.9
69.2
75.7
77.6
53.1
81.0
48.6
45.5
61.8
65.1
68.0
73.0
73.9
63.8
69.7
72.6
63.0
76.7
52.6
74.8
61.1
79.6
65.5
73.9
44.3
65.5
81.1
74.7
49.6
65.2
47.1
63.7
71.2
79.1
74.8
78.8
85.0
78.3
78.0
52.9
52.0
73.5
71.8
59.8
65.9
54.3
49.8
63.0
77.0
68.0
81.1
82.4
72.9
78.0
61.8
78.5
72.1
79.0
72.5
65.0
75.4
64.0
73.8
70.0
73.6
81.0
79.3
55.7
69.8
58.0
79.8
75.4
73.6
85.0
76.2
48.2
75.3
48.4
62.9
71.2
82.4
59.9
73.8
52.1
63.2
65.0
74.4
69.4
69.4
72.8
74.4
49.4
71.7
61.7
58.1
54.7
58.2
85.0
79.6
76.1
71.0
61.3
