posttest
52.0
77.0
80.0
71.0
81.0
63.0
65.0
69.0
61.0
81.0
80.0
71.0
61.0
46.0
57.0
88.0
54.0
65.0
71.0
98.0
68.0
79.0
61.0
77.0
84.0
93.0
75.0
62.0
49.0
73.0
43.0
69.0
92.0
52.0
77.0
45.0
57.0
53.0
48.0
43.0
70.0
88.0
83.0
69.0
71.0
60.0
82.0
59.0
90.0
32.0
53.0
96.0
76.0
68.0
94.0
89.0
60.0
82.0
75.0
47.0
48.0
51.0
95.0
58.0
99.0
72.0
39.0
69.0
65.0
42.0
58.0
68.0
64.0
61.0
92.0
91.0
61.0
70.0
64.0
80.0
65.0
65.0
39.0
86.0
71.0
87.0
68.0
74.0
62.0
66.0
43.0
83.0
55.0
82.0
78.0
86.0
64.0
73.0
54.0
80.0
82.0
88.0
73.0
59.0
63.0
70.0
51.0
68.0
72.0
66.0
61.0
73.0
59.0
60.0
80.0
78.0
69.0
59.0
75.0
82.0
55.0
56.0
68.0
78.0
73.0
71.0
71.0
89.0
61.0
67.0
73.0
61.0
45.0
48.0
53.0
89.0
92.0
65.0
66.0
83.0
49.0
62.0
48.0
68.0
46.0
65.0
60.0
54.0
67.0
67.0
73.0
49.0
66.0
55.0
94.0
76.0
50.0
73.0
53.0
90.0
72.0
80.0
68.0
42.0
95.0
90.0
44.0
80.0
47.0
60.0
68.0
67.0
56.0
93.0
67.0
79.0
62.0
79.0
69.0
95.0
55.0
52.0
72.0
85.0
65.0
50.0
86.0
64.0
74.0
66.0
80.0
80.0
51.0
64.0
73.0
84.0
79.0
52.0
68.0
63.0
69.0
63.0
62.0
43.0
47.0
66.0
53.0
71.0
67.0
52.0
74.0
69.0
78.0
55.0
76.0
52.0
65.0
56.0
72.0
83.0
60.0
59.0
41.0
53.0
57.0
52.0
78.0
74.0
62.0
82.0
86.0
77.0
57.0
52.0
51.0
59.0
74.0
50.0
49.0
81.0
62.0
77.0
77.0
90.0
84.0
54.0
39.0
51.0
62.0
76.0
70.0
62.0
56.0
81.0
79.0
82.0
44.0
73.0
59.0
78.0
68.0
86.0
82.0
48.0
48.0
53.0
93.0
72.0
59.0
41.0
80.0
88.0
78.0
82.0
73.0
45.0
81.0
83.0
45.0
72.0
53.0
65.0
65.0
80.0
61.0
47.0
80.0
63.0
55.0
65.0
85.0
58.0
79.0
68.0
62.0
69.0
54.0
63.0
74.0
71.0
54.0
52.0
50.0
90.0
62.0
87.0
77.0
51.0
88.0
72.0
54.0
74.0
55.0
52.0
61.0
59.0
50.0
70.0
56.0
74.0
72.0
60.0
78.0
78.0
68.0
75.0
83.0
72.0
74.0
82.0
78.0
95.0
79.0
72.0
93.0
58.0
57.0
53.0
81.0
42.0
66.0
80.0
83.0
58.0
56.0
82.0
67.0
85.0
74.0
78.0
65.0
68.0
62.0
71.0
66.0
76.0
92.0
67.0
65.0
81.0
58.0
67.0
67.0
74.0
79.0
48.0
44.0
51.0
72.0
73.0
53.0
58.0
45.0
77.0
78.0
52.0
83.0
61.0
56.0
87.0
70.0
71.0
76.0
76.0
69.0
93.0
57.0
63.0
78.0
51.0
59.0
68.0
47.0
57.0
50.0
90.0
60.0
