school,school_setting,school_type,classroom,teaching_method,n_student,student_id,gender,lunch,pretest
16,1,1,26,1,25.0,1147,0,0,80.0
7,0,1,77,0,23.0,371,1,0,58.0
16,1,1,63,0,23.0,1647,0,0,75.0
0,2,0,22,1,20.0,285,0,0,61.0
14,2,1,15,1,24.0,1631,1,0,53.0
14,2,1,2,0,28.0,868,0,0,44.0
18,0,0,50,1,16.0,1001,1,1,44.0
19,0,1,13,1,18.0,1599,0,0,46.0
16,1,1,88,1,22.0,1307,0,0,77.0
14,2,1,90,1,22.0,299,0,0,59.0
13,0,1,87,1,23.0,116,1,0,59.0
3,2,1,31,1,27.0,751,1,0,51.0
22,2,1,94,1,30.0,1573,1,1,39.0
0,2,0,96,1,21.0,825,1,0,54.0
7,0,1,77,0,23.0,1443,0,1,54.0
21,1,1,81,0,23.0,1256,0,0,79.0
10,2,0,8,0,27.0,1264,0,1,49.0
14,2,1,2,0,28.0,1596,0,0,41.0
21,1,1,16,1,22.0,57,1,0,65.0
11,0,1,68,1,23.0,17,1,1,28.0
14,2,1,84,0,25.0,962,1,0,57.0
12,0,1,69,0,17.0,1004,0,0,60.0
9,2,0,25,0,21.0,1050,1,0,75.0
20,2,1,76,1,25.0,1287,1,1,37.0
4,1,1,65,0,20.0,100,1,1,40.0
19,0,1,13,1,18.0,259,0,0,44.0
22,2,1,66,0,30.0,1750,0,1,38.0
22,2,1,67,1,30.0,196,1,0,43.0
3,2,1,85,0,24.0,683,1,1,51.0
20,2,1,76,1,25.0,1397,0,1,36.0
2,2,0,46,0,17.0,88,1,0,64.0
1,1,0,79,0,16.0,891,0,1,48.0
14,2,1,15,1,24.0,898,0,0,46.0
19,0,1,35,1,21.0,869,1,0,60.0
8,2,1,34,1,24.0,1052,1,1,30.0
9,2,0,41,1,17.0,1312,1,0,77.0
19,0,1,36,0,19.0,1598,1,0,62.0
10,2,0,9,1,25.0,227,0,1,40.0
12,0,1,51,1,19.0,564,0,0,53.0
12,0,1,51,1,19.0,633,1,0,56.0
22,2,1,66,0,30.0,1641,1,1,37.0
7,0,1,38,0,22.0,1531,0,0,59.0
11,0,1,12,1,20.0,304,1,1,45.0
4,1,1,65,0,20.0,368,1,1,44.0
7,0,1,77,0,23.0,1190,1,1,52.0
4,1,1,89,1,27.0,890,0,1,60.0
9,2,0,25,0,21.0,1503,1,0,73.0
11,0,1,68,1,23.0,1731,1,1,29.0
6,1,1,55,0,27.0,1008,0,1,61.0
10,2,0,8,0,27.0,232,1,1,39.0
11,0,1,14,1,22.0,860,0,1,34.0
7,0,1,38,0,22.0,420,1,0,61.0
3,2,1,58,1,28.0,1649,0,1,49.0
8,2,1,45,1,28.0,14,0,1,28.0
5,0,0,52,0,14.0,1728,1,0,55.0
6,1,1,55,0,27.0,264,1,1,59.0
13,0,1,19,0,17.0,763,1,0,58.0
15,1,1,20,1,23.0,311,0,1,58.0
16,1,1,63,0,23.0,775,1,0,71.0
20,2,1,92,0,30.0,255,0,1,30.0
22,2,1,33,1,27.0,772,0,1,48.0
16,1,1,1,1,21.0,1918,1,0,89.0
13,0,1,23,1,22.0,1362,0,0,53.0
3,2,1,58,1,28.0,1368,0,0,60.0
1,1,0,80,1,19.0,699,0,0,75.0
9,2,0,91,1,17.0,76,1,0,64.0
3,2,1,5,1,28.0,1258,0,0,60.0
1,1,0,79,0,16.0,1055,1,0,58.0
2,2,0,62,1,17.0,1133,0,0,69.0
4,1,1,74,1,20.0,842,1,1,57.0
8,2,1,83,0,26.0,1736,0,1,39.0
17,1,0,60,1,20.0,9,0,0,72.0
16,1,1,63,0,23.0,1788,0,0,72.0
5,0,0,18,0,18.0,372,0,0,66.0
6,1,1,86,1,21.0,54,1,1,55.0
11,0,1,14,1,22.0,976,0,1,29.0
11,0,1,12,1,20.0,1451,1,1,46.0
11,0,1,17,1,24.0,623,1,1,33.0
22,2,1,94,1,30.0,292,1,1,36.0
20,2,1,76,1,25.0,1588,0,1,40.0
0,2,0,96,1,21.0,229,1,0,57.0
17,1,0,29,0,17.0,1732,0,0,67.0
20,2,1,28,0,30.0,1334,0,1,31.0
2,2,0,37,1,21.0,557,1,0,70.0
16,1,1,1,1,21.0,1415,0,0,84.0
8,2,1,83,0,26.0,567,1,0,45.0
10,2,0,9,1,25.0,247,1,1,38.0
0,2,0,96,1,21.0,1654,0,0,61.0
9,2,0,0,1,22.0,1966,1,0,72.0
16,1,1,26,1,25.0,712,1,0,86.0
0,2,0,22,1,20.0,439,0,0,66.0
20,2,1,24,1,29.0,222,1,1,40.0
1,1,0,39,0,20.0,208,0,0,67.0
9,2,0,91,1,17.0,380,0,0,71.0
9,2,0,0,1,22.0,128,1,0,74.0
12,0,1,51,1,19.0,1840,0,0,60.0
8,2,1,83,0,26.0,1735,0,1,44.0
21,1,1,7,0,24.0,551,1,0,62.0
15,1,1,56,1,21.0,1090,1,0,60.0
17,1,0,43,0,16.0,89,0,0,69.0
8,2,1,45,1,28.0,1211,1,1,26.0
20,2,1,92,0,30.0,1928,0,1,33.0
10,2,0,8,0,27.0,980,0,1,40.0
4,1,1,10,1,27.0,1246,0,0,53.0
6,1,1,95,1,27.0,1611,0,1,55.0
13,0,1,23,1,22.0,783,1,0,44.0
6,1,1,55,0,27.0,425,1,1,60.0
22,2,1,33,1,27.0,65,1,1,45.0
8,2,1,3,1,31.0,1404,0,1,48.0
19,0,1,13,1,18.0,1982,0,0,47.0
8,2,1,34,1,24.0,1493,0,1,32.0
16,1,1,54,0,18.0,1813,0,0,75.0
19,0,1,42,1,20.0,1719,0,0,52.0
6,1,1,44,1,22.0,1586,1,1,45.0
13,0,1,40,1,19.0,1140,1,0,59.0
19,0,1,36,0,19.0,179,0,0,62.0
14,2,1,2,0,28.0,515,0,0,46.0
8,2,1,34,1,24.0,1724,0,0,39.0
6,1,1,55,0,27.0,1553,0,1,60.0
4,1,1,74,1,20.0,1231,0,0,60.0
18,0,0,32,0,20.0,1358,1,1,54.0
4,1,1,10,1,27.0,281,1,0,52.0
11,0,1,12,1,20.0,1522,1,1,48.0
11,0,1,12,1,20.0,758,0,1,49.0
19,0,1,42,1,20.0,1270,1,0,50.0
10,2,0,8,0,27.0,1402,0,1,43.0
8,2,1,3,1,31.0,1692,0,1,43.0
22,2,1,94,1,30.0,491,0,1,42.0
14,2,1,2,0,28.0,201,0,0,43.0
14,2,1,84,0,25.0,972,1,0,58.0
6,1,1,95,1,27.0,704,1,1,55.0
20,2,1,76,1,25.0,1974,0,0,41.0
8,2,1,45,1,28.0,398,1,1,28.0
1,1,0,80,1,19.0,1655,0,1,70.0
20,2,1,24,1,29.0,1400,0,1,43.0
20,2,1,76,1,25.0,925,1,1,41.0
0,2,0,22,1,20.0,717,1,0,64.0
8,2,1,45,1,28.0,814,1,1,32.0
8,2,1,3,1,31.0,1134,1,0,44.0
4,1,1,10,1,27.0,1844,0,1,47.0
21,1,1,7,0,24.0,320,0,0,65.0
21,1,1,7,0,24.0,1713,1,0,66.0
5,0,0,52,0,14.0,1335,0,0,61.0
9,2,0,59,0,17.0,1597,1,0,88.0
7,0,1,82,1,19.0,1034,1,0,44.0
6,1,1,44,1,22.0,244,1,1,47.0
8,2,1,45,1,28.0,1653,1,1,36.0
1,1,0,79,0,16.0,1227,0,1,52.0
15,1,1,72,1,21.0,308,0,0,68.0
1,1,0,80,1,19.0,21,1,0,68.0
10,2,0,9,1,25.0,1564,1,0,44.0
8,2,1,61,1,24.0,941,1,0,44.0
8,2,1,45,1,28.0,1399,1,1,36.0
6,1,1,93,1,21.0,430,1,1,46.0
15,1,1,72,1,21.0,668,0,0,70.0
14,2,1,70,1,22.0,34,1,0,53.0
17,1,0,21,1,16.0,1277,0,0,59.0
14,2,1,70,1,22.0,476,1,0,50.0
15,1,1,56,1,21.0,1568,0,0,57.0
22,2,1,33,1,27.0,741,1,1,46.0
3,2,1,5,1,28.0,1135,1,1,58.0
0,2,0,22,1,20.0,854,1,0,64.0
8,2,1,83,0,26.0,407,0,1,40.0
14,2,1,90,1,22.0,530,0,0,57.0
13,0,1,19,0,17.0,1152,1,0,67.0
15,1,1,6,1,22.0,584,1,0,53.0
11,0,1,12,1,20.0,524,0,1,45.0
16,1,1,1,1,21.0,350,0,0,80.0
5,0,0,4,0,14.0,175,1,0,67.0
1,1,0,11,0,18.0,1180,1,1,63.0
5,0,0,52,0,14.0,1049,1,1,63.0
13,0,1,19,0,17.0,688,0,0,62.0
11,0,1,57,1,22.0,595,0,1,42.0
14,2,1,75,1,28.0,1027,0,0,53.0
4,1,1,10,1,27.0,94,0,0,54.0
13,0,1,40,1,19.0,1780,1,0,57.0
8,2,1,83,0,26.0,1095,0,1,34.0
1,1,0,11,0,18.0,613,1,0,65.0
20,2,1,24,1,29.0,458,0,1,39.0
14,2,1,70,1,22.0,336,1,0,53.0
8,2,1,61,1,24.0,635,1,1,39.0
20,2,1,76,1,25.0,1970,1,1,36.0
17,1,0,21,1,16.0,499,1,0,60.0
8,2,1,45,1,28.0,477,0,1,27.0
1,1,0,64,1,21.0,493,0,1,73.0
20,2,1,92,0,30.0,1708,0,1,29.0
6,1,1,93,1,21.0,1284,0,1,52.0
17,1,0,21,1,16.0,1464,0,0,60.0
6,1,1,93,1,21.0,1354,0,1,44.0
11,0,1,17,1,24.0,1176,0,1,32.0
20,2,1,28,0,30.0,1749,0,1,30.0
4,1,1,65,0,20.0,230,0,0,41.0
14,2,1,70,1,22.0,101,1,0,55.0
15,1,1,20,1,23.0,1910,0,0,63.0
19,0,1,35,1,21.0,639,1,0,64.0
15,1,1,6,1,22.0,1657,1,0,59.0
3,2,1,5,1,28.0,361,1,0,53.0
11,0,1,17,1,24.0,656,1,1,38.0
6,1,1,44,1,22.0,1558,0,1,45.0
22,2,1,33,1,27.0,649,0,1,52.0
12,0,1,30,1,21.0,1570,1,0,57.0
14,2,1,70,1,22.0,1285,1,0,52.0
18,0,0,53,0,15.0,1725,0,1,53.0
4,1,1,89,1,27.0,1311,1,0,62.0
5,0,0,4,0,14.0,665,0,0,72.0
17,1,0,29,0,17.0,487,0,0,70.0
8,2,1,61,1,24.0,517,1,1,39.0
21,1,1,16,1,22.0,248,0,0,74.0
9,2,0,0,1,22.0,1269,1,0,75.0
4,1,1,71,0,28.0,1292,0,1,53.0
5,0,0,18,0,18.0,1740,1,0,61.0
22,2,1,33,1,27.0,1299,0,1,54.0
6,1,1,44,1,22.0,468,1,1,53.0
19,0,1,47,0,22.0,1909,0,0,42.0
6,1,1,95,1,27.0,1187,1,1,48.0
2,2,0,46,0,17.0,1215,1,0,68.0
19,0,1,36,0,19.0,411,1,0,63.0
20,2,1,92,0,30.0,1593,1,1,32.0
13,0,1,19,0,17.0,1124,1,0,61.0
1,1,0,11,0,18.0,1744,1,0,66.0
2,2,0,27,1,19.0,939,1,0,60.0
1,1,0,11,0,18.0,1903,0,0,68.0
3,2,1,5,1,28.0,307,0,0,58.0
17,1,0,60,1,20.0,589,1,0,70.0
3,2,1,58,1,28.0,354,0,0,51.0
8,2,1,78,1,25.0,494,1,1,40.0
17,1,0,43,0,16.0,1545,0,0,72.0
20,2,1,28,0,30.0,997,1,1,29.0
8,2,1,78,1,25.0,1383,0,1,31.0
0,2,0,22,1,20.0,395,1,0,64.0
20,2,1,92,0,30.0,887,1,1,33.0
1,1,0,80,1,19.0,1449,0,1,61.0
20,2,1,92,0,30.0,731,1,1,30.0
8,2,1,34,1,24.0,1101,0,1,34.0
3,2,1,31,1,27.0,362,0,0,50.0
5,0,0,52,0,14.0,1122,1,0,58.0
14,2,1,15,1,24.0,290,0,0,50.0
4,1,1,10,1,27.0,781,1,0,56.0
8,2,1,3,1,31.0,1835,0,0,47.0
20,2,1,24,1,29.0,1524,0,1,57.0
14,2,1,84,0,25.0,1023,1,0,63.0
3,2,1,31,1,27.0,288,0,0,55.0
16,1,1,26,1,25.0,1011,1,0,83.0
22,2,1,66,0,30.0,1579,1,1,37.0
14,2,1,15,1,24.0,690,1,0,49.0
17,1,0,60,1,20.0,998,1,0,70.0
14,2,1,15,1,24.0,1826,0,0,49.0
22,2,1,67,1,30.0,682,1,1,40.0
14,2,1,84,0,25.0,801,1,0,59.0
10,2,0,8,0,27.0,1353,1,1,42.0
20,2,1,28,0,30.0,552,0,1,22.0
20,2,1,28,0,30.0,280,1,1,30.0
13,0,1,23,1,22.0,643,0,0,48.0
22,2,1,33,1,27.0,505,1,1,49.0
16,1,1,48,0,19.0,1366,0,0,76.0
4,1,1,89,1,27.0,640,1,0,60.0
12,0,1,30,1,21.0,1676,1,0,65.0
1,1,0,39,0,20.0,1871,0,1,68.0
17,1,0,43,0,16.0,62,0,0,72.0
10,2,0,8,0,27.0,1357,1,1,42.0
6,1,1,95,1,27.0,1121,0,0,54.0
3,2,1,31,1,27.0,1819,1,0,52.0
4,1,1,71,0,28.0,408,1,1,62.0
18,0,0,32,0,20.0,907,0,1,55.0
11,0,1,17,1,24.0,987,0,1,29.0
21,1,1,81,0,23.0,262,1,0,81.0
2,2,0,37,1,21.0,1069,0,0,67.0
11,0,1,17,1,24.0,727,0,1,36.0
20,2,1,92,0,30.0,1217,1,1,34.0
6,1,1,55,0,27.0,35,0,1,61.0
15,1,1,56,1,21.0,582,1,0,57.0
8,2,1,3,1,31.0,872,1,1,49.0
4,1,1,65,0,20.0,1265,0,0,48.0
1,1,0,39,0,20.0,655,1,1,62.0
20,2,1,92,0,30.0,10,0,1,34.0
22,2,1,33,1,27.0,1718,1,1,46.0
3,2,1,85,0,24.0,333,0,0,51.0
2,2,0,62,1,17.0,82,1,0,70.0
9,2,0,25,0,21.0,838,1,0,74.0
21,1,1,81,0,23.0,592,1,0,73.0
10,2,0,8,0,27.0,673,0,0,45.0
9,2,0,0,1,22.0,1356,0,0,74.0
14,2,1,15,1,24.0,1060,0,0,48.0
8,2,1,34,1,24.0,1046,1,1,36.0
2,2,0,62,1,17.0,440,0,0,63.0
13,0,1,40,1,19.0,1747,0,1,55.0
9,2,0,41,1,17.0,474,0,0,70.0
15,1,1,72,1,21.0,746,1,0,64.0
16,1,1,63,0,23.0,213,0,0,70.0
14,2,1,90,1,22.0,866,0,0,59.0
17,1,0,73,1,15.0,183,1,0,67.0
6,1,1,44,1,22.0,412,0,0,46.0
4,1,1,65,0,20.0,48,0,0,50.0
10,2,0,9,1,25.0,722,0,0,47.0
9,2,0,91,1,17.0,944,1,0,68.0
15,1,1,72,1,21.0,696,0,0,64.0
8,2,1,3,1,31.0,1429,1,1,45.0
22,2,1,33,1,27.0,1671,0,0,54.0
9,2,0,41,1,17.0,1142,1,0,78.0
16,1,1,54,0,18.0,1538,1,0,74.0
6,1,1,95,1,27.0,982,0,1,56.0
19,0,1,36,0,19.0,759,1,0,55.0
16,1,1,63,0,23.0,449,0,0,71.0
18,0,0,53,0,15.0,1278,1,0,55.0
8,2,1,61,1,24.0,328,1,1,41.0
17,1,0,21,1,16.0,1857,1,0,62.0
20,2,1,92,0,30.0,154,1,1,37.0
8,2,1,3,1,31.0,426,0,1,53.0
16,1,1,26,1,25.0,481,0,0,84.0
17,1,0,43,0,16.0,240,1,0,70.0
3,2,1,31,1,27.0,1680,0,0,52.0
14,2,1,2,0,28.0,375,1,0,47.0
11,0,1,12,1,20.0,98,1,1,48.0
18,0,0,53,0,15.0,729,1,1,51.0
21,1,1,7,0,24.0,1781,1,0,64.0
3,2,1,5,1,28.0,428,1,0,53.0
16,1,1,88,1,22.0,1924,0,0,78.0
4,1,1,89,1,27.0,975,0,1,62.0
17,1,0,21,1,16.0,1841,1,0,55.0
22,2,1,94,1,30.0,1980,1,1,41.0
0,2,0,22,1,20.0,1242,0,0,64.0
16,1,1,48,0,19.0,416,1,0,77.0
22,2,1,94,1,30.0,611,0,1,40.0
17,1,0,21,1,16.0,419,0,1,56.0
4,1,1,10,1,27.0,187,0,0,53.0
5,0,0,18,0,18.0,583,0,0,68.0
6,1,1,95,1,27.0,1686,0,1,52.0
1,1,0,11,0,18.0,1472,1,1,55.0
5,0,0,4,0,14.0,1157,1,0,65.0
11,0,1,17,1,24.0,1723,1,1,30.0
8,2,1,78,1,25.0,875,1,1,44.0
0,2,0,96,1,21.0,912,1,0,58.0
22,2,1,33,1,27.0,576,0,1,54.0
4,1,1,65,0,20.0,377,0,0,45.0
9,2,0,0,1,22.0,339,1,0,77.0
12,0,1,69,0,17.0,1434,1,0,68.0
20,2,1,76,1,25.0,1514,0,1,40.0
6,1,1,55,0,27.0,389,1,1,60.0
6,1,1,44,1,22.0,830,1,1,48.0
14,2,1,2,0,28.0,1109,0,0,43.0
3,2,1,5,1,28.0,1916,1,0,50.0
14,2,1,2,0,28.0,1787,1,0,47.0
8,2,1,78,1,25.0,599,0,1,39.0
20,2,1,92,0,30.0,1425,0,1,30.0
3,2,1,5,1,28.0,1834,1,0,61.0
5,0,0,52,0,14.0,500,1,1,58.0
4,1,1,71,0,28.0,1900,0,0,61.0
6,1,1,44,1,22.0,569,0,1,45.0
19,0,1,42,1,20.0,795,1,0,49.0
18,0,0,53,0,15.0,1837,0,1,46.0
12,0,1,30,1,21.0,817,1,0,60.0
4,1,1,10,1,27.0,1467,1,0,55.0
8,2,1,34,1,24.0,1163,1,1,33.0
18,0,0,32,0,20.0,1560,1,1,56.0
6,1,1,93,1,21.0,25,0,1,52.0
11,0,1,68,1,23.0,1517,1,1,30.0
12,0,1,30,1,21.0,1868,0,0,59.0
7,0,1,77,0,23.0,1482,1,0,50.0
18,0,0,50,1,16.0,71,0,1,47.0
22,2,1,33,1,27.0,1471,0,1,47.0
11,0,1,17,1,24.0,484,0,1,33.0
4,1,1,10,1,27.0,173,0,1,50.0
9,2,0,0,1,22.0,1779,0,0,71.0
19,0,1,47,0,22.0,1162,1,0,44.0
13,0,1,87,1,23.0,726,1,0,57.0
3,2,1,58,1,28.0,136,1,0,57.0
5,0,0,18,0,18.0,1073,0,0,58.0
16,1,1,63,0,23.0,700,0,0,74.0
8,2,1,83,0,26.0,1525,1,1,36.0
22,2,1,94,1,30.0,1457,0,1,45.0
15,1,1,20,1,23.0,1403,1,0,62.0
6,1,1,55,0,27.0,1000,0,1,65.0
4,1,1,10,1,27.0,1677,1,1,48.0
8,2,1,78,1,25.0,1696,1,1,37.0
3,2,1,31,1,27.0,749,0,0,53.0
14,2,1,90,1,22.0,1341,0,0,63.0
2,2,0,62,1,17.0,930,1,0,68.0
8,2,1,3,1,31.0,1632,1,1,42.0
20,2,1,76,1,25.0,1850,0,1,41.0
15,1,1,56,1,21.0,1281,1,0,62.0
16,1,1,88,1,22.0,1349,1,0,79.0
9,2,0,91,1,17.0,1006,0,0,68.0
8,2,1,45,1,28.0,1892,1,1,30.0
16,1,1,54,0,18.0,443,1,0,78.0
22,2,1,67,1,30.0,3,0,1,46.0
20,2,1,24,1,29.0,958,0,1,38.0
5,0,0,18,0,18.0,1097,1,0,59.0
20,2,1,28,0,30.0,284,1,1,31.0
19,0,1,42,1,20.0,542,0,0,48.0
15,1,1,56,1,21.0,935,1,0,56.0
3,2,1,5,1,28.0,1849,1,1,57.0
11,0,1,12,1,20.0,1802,0,1,47.0
22,2,1,94,1,30.0,195,0,1,42.0
3,2,1,31,1,27.0,1483,1,0,50.0
3,2,1,58,1,28.0,58,1,0,55.0
5,0,0,4,0,14.0,548,1,0,61.0
2,2,0,37,1,21.0,63,1,0,72.0
7,0,1,82,1,19.0,647,0,1,44.0
19,0,1,47,0,22.0,1504,0,0,39.0
19,0,1,13,1,18.0,1252,0,0,43.0
19,0,1,13,1,18.0,1705,1,0,42.0
1,1,0,79,0,16.0,129,0,1,60.0
11,0,1,14,1,22.0,923,0,1,29.0
21,1,1,81,0,23.0,1232,0,0,73.0
3,2,1,31,1,27.0,1931,0,0,50.0
4,1,1,89,1,27.0,1554,0,1,61.0
21,1,1,81,0,23.0,981,1,0,74.0
1,1,0,64,1,21.0,1485,1,0,76.0
2,2,0,46,0,17.0,1830,1,0,64.0
17,1,0,43,0,16.0,42,1,0,72.0
9,2,0,25,0,21.0,901,0,0,78.0
16,1,1,26,1,25.0,818,0,0,85.0
3,2,1,5,1,28.0,1067,0,0,58.0
12,0,1,51,1,19.0,1496,0,0,59.0
15,1,1,72,1,21.0,360,1,0,70.0
11,0,1,17,1,24.0,8,0,1,33.0
13,0,1,87,1,23.0,1195,1,0,61.0
21,1,1,7,0,24.0,764,1,0,68.0
22,2,1,66,0,30.0,672,0,1,36.0
11,0,1,14,1,22.0,95,0,1,32.0
9,2,0,25,0,21.0,342,0,0,82.0
18,0,0,32,0,20.0,574,1,1,53.0
6,1,1,86,1,21.0,373,1,1,52.0
5,0,0,4,0,14.0,580,1,0,57.0
1,1,0,64,1,21.0,1010,0,1,68.0
14,2,1,75,1,28.0,546,1,0,54.0
2,2,0,27,1,19.0,1856,0,0,56.0
19,0,1,13,1,18.0,773,0,0,45.0
3,2,1,85,0,24.0,1569,1,0,55.0
1,1,0,49,0,15.0,1098,1,1,63.0
8,2,1,83,0,26.0,1222,0,1,40.0
22,2,1,94,1,30.0,121,0,1,39.0
8,2,1,83,0,26.0,335,1,1,37.0
4,1,1,89,1,27.0,482,1,1,65.0
1,1,0,80,1,19.0,479,0,1,61.0
10,2,0,9,1,25.0,1424,1,1,45.0
2,2,0,37,1,21.0,2,1,0,64.0
4,1,1,74,1,20.0,504,1,0,60.0
7,0,1,77,0,23.0,1973,1,1,53.0
22,2,1,66,0,30.0,47,0,1,32.0
1,1,0,11,0,18.0,363,1,1,58.0
2,2,0,37,1,21.0,1651,1,0,66.0
20,2,1,24,1,29.0,1691,1,1,43.0
20,2,1,92,0,30.0,943,0,1,35.0
8,2,1,78,1,25.0,1915,0,1,39.0
8,2,1,78,1,25.0,211,0,1,43.0
1,1,0,64,1,21.0,706,1,1,73.0
13,0,1,87,1,23.0,1235,0,0,57.0
1,1,0,64,1,21.0,1875,1,0,71.0
4,1,1,71,0,28.0,1071,1,1,58.0
16,1,1,54,0,18.0,843,0,0,75.0
20,2,1,92,0,30.0,1469,1,1,32.0
17,1,0,60,1,20.0,1891,0,0,69.0
14,2,1,70,1,22.0,1110,1,0,46.0
14,2,1,2,0,28.0,117,0,0,44.0
4,1,1,89,1,27.0,841,1,0,61.0
7,0,1,82,1,19.0,1263,1,1,41.0
1,1,0,49,0,15.0,1276,0,1,63.0
14,2,1,90,1,22.0,1825,0,0,59.0
16,1,1,63,0,23.0,352,0,0,74.0
7,0,1,38,0,22.0,535,1,1,55.0
3,2,1,85,0,24.0,970,1,0,54.0
2,2,0,46,0,17.0,1029,0,0,68.0
16,1,1,63,0,23.0,1031,0,0,74.0
4,1,1,71,0,28.0,1754,1,0,64.0
22,2,1,67,1,30.0,518,1,1,37.0
11,0,1,12,1,20.0,903,1,1,48.0
4,1,1,89,1,27.0,1324,1,1,55.0
16,1,1,1,1,21.0,297,1,0,84.0
6,1,1,93,1,21.0,1583,1,1,44.0
19,0,1,13,1,18.0,1738,0,0,40.0
22,2,1,66,0,30.0,581,0,1,41.0
8,2,1,83,0,26.0,653,1,1,36.0
11,0,1,68,1,23.0,824,0,1,33.0
8,2,1,3,1,31.0,1742,0,1,52.0
7,0,1,82,1,19.0,108,1,0,49.0
1,1,0,49,0,15.0,909,0,1,61.0
18,0,0,53,0,15.0,1216,1,1,54.0
15,1,1,6,1,22.0,600,1,0,55.0
19,0,1,47,0,22.0,1535,0,0,44.0
12,0,1,51,1,19.0,1800,0,0,61.0
9,2,0,59,0,17.0,1532,1,0,83.0
3,2,1,31,1,27.0,857,1,0,53.0
14,2,1,75,1,28.0,1874,0,0,53.0
0,2,0,22,1,20.0,144,0,0,62.0
22,2,1,33,1,27.0,329,0,1,53.0
6,1,1,93,1,21.0,779,0,1,44.0
6,1,1,55,0,27.0,1660,1,0,65.0
6,1,1,95,1,27.0,1710,1,1,49.0
20,2,1,76,1,25.0,496,1,1,42.0
4,1,1,65,0,20.0,922,1,0,48.0
8,2,1,3,1,31.0,1969,0,1,42.0
21,1,1,16,1,22.0,1512,1,0,71.0
21,1,1,7,0,24.0,1652,1,0,66.0
11,0,1,68,1,23.0,1478,1,1,26.0
7,0,1,82,1,19.0,1228,0,1,44.0
3,2,1,58,1,28.0,591,0,0,51.0
17,1,0,73,1,15.0,1456,0,0,69.0
17,1,0,60,1,20.0,1477,1,0,70.0
18,0,0,32,0,20.0,946,0,0,59.0
9,2,0,41,1,17.0,1160,0,0,77.0
14,2,1,70,1,22.0,536,0,0,50.0
8,2,1,3,1,31.0,888,1,1,42.0
1,1,0,64,1,21.0,661,0,1,69.0
4,1,1,89,1,27.0,1617,1,1,60.0
8,2,1,83,0,26.0,547,0,1,36.0
14,2,1,90,1,22.0,1291,0,0,56.0
19,0,1,36,0,19.0,1967,1,0,56.0
6,1,1,95,1,27.0,1794,1,1,52.0
13,0,1,40,1,19.0,570,1,0,60.0
14,2,1,2,0,28.0,1776,0,1,47.0
9,2,0,91,1,17.0,340,1,0,66.0
14,2,1,90,1,22.0,1466,1,0,58.0
13,0,1,40,1,19.0,235,1,0,55.0
14,2,1,90,1,22.0,839,1,0,53.0
4,1,1,65,0,20.0,0,1,1,37.0
9,2,0,0,1,22.0,1963,0,0,69.0
11,0,1,17,1,24.0,573,1,1,33.0
8,2,1,61,1,24.0,143,0,1,40.0
21,1,1,16,1,22.0,960,1,1,56.0
2,2,0,27,1,19.0,883,1,0,58.0
19,0,1,13,1,18.0,755,0,0,47.0
17,1,0,73,1,15.0,15,1,0,70.0
2,2,0,27,1,19.0,1880,0,0,55.0
2,2,0,27,1,19.0,1460,1,0,61.0
9,2,0,25,0,21.0,652,1,0,82.0
14,2,1,2,0,28.0,884,0,0,45.0
1,1,0,49,0,15.0,1764,1,0,66.0
10,2,0,8,0,27.0,1210,1,0,47.0
16,1,1,63,0,23.0,791,1,0,73.0
1,1,0,80,1,19.0,309,0,0,61.0
0,2,0,22,1,20.0,736,0,0,61.0
22,2,1,94,1,30.0,681,0,0,39.0
6,1,1,95,1,27.0,402,1,1,52.0
8,2,1,78,1,25.0,1905,0,1,38.0
14,2,1,2,0,28.0,1442,0,0,49.0
16,1,1,48,0,19.0,850,1,0,81.0
18,0,0,53,0,15.0,345,0,1,56.0
2,2,0,46,0,17.0,204,1,0,64.0
9,2,0,0,1,22.0,1824,0,0,74.0
16,1,1,26,1,25.0,956,0,0,85.0
14,2,1,15,1,24.0,856,0,0,51.0
1,1,0,64,1,21.0,1373,0,0,70.0
13,0,1,87,1,23.0,790,1,0,59.0
22,2,1,66,0,30.0,1829,1,1,39.0
13,0,1,87,1,23.0,1243,1,0,60.0
14,2,1,84,0,25.0,880,0,0,57.0
4,1,1,74,1,20.0,155,0,1,64.0
9,2,0,41,1,17.0,1234,0,0,75.0
3,2,1,31,1,27.0,1044,1,0,49.0
2,2,0,37,1,21.0,750,0,0,64.0
13,0,1,87,1,23.0,919,1,0,59.0
14,2,1,2,0,28.0,660,1,0,39.0
20,2,1,76,1,25.0,293,1,1,40.0
20,2,1,28,0,30.0,1065,0,1,29.0
2,2,0,27,1,19.0,1158,0,0,55.0
17,1,0,29,0,17.0,1571,1,0,68.0
12,0,1,30,1,21.0,427,0,0,66.0
12,0,1,51,1,19.0,1200,0,0,66.0
2,2,0,62,1,17.0,744,0,0,64.0
19,0,1,35,1,21.0,1726,0,0,65.0
6,1,1,86,1,21.0,1727,0,1,54.0
10,2,0,9,1,25.0,1956,1,1,39.0
12,0,1,51,1,19.0,952,1,0,60.0
18,0,0,32,0,20.0,626,0,1,52.0
14,2,1,75,1,28.0,957,1,0,51.0
14,2,1,15,1,24.0,1393,1,0,50.0
1,1,0,80,1,19.0,321,1,0,63.0
16,1,1,88,1,22.0,1901,0,0,78.0
17,1,0,60,1,20.0,1,1,0,67.0
17,1,0,21,1,16.0,1260,1,0,67.0
0,2,0,22,1,20.0,522,1,0,63.0
15,1,1,56,1,21.0,417,0,0,63.0
4,1,1,89,1,27.0,1948,0,1,58.0
2,2,0,46,0,17.0,489,1,0,56.0
6,1,1,55,0,27.0,708,1,1,59.0
9,2,0,25,0,21.0,1340,1,0,77.0
3,2,1,58,1,28.0,694,1,0,54.0
13,0,1,40,1,19.0,221,1,0,60.0
12,0,1,51,1,19.0,1410,0,0,56.0
21,1,1,7,0,24.0,1233,0,0,66.0
22,2,1,33,1,27.0,353,0,1,49.0
2,2,0,62,1,17.0,1221,1,0,68.0
17,1,0,29,0,17.0,1623,1,0,67.0
22,2,1,66,0,30.0,849,1,1,37.0
21,1,1,81,0,23.0,1253,0,0,74.0
21,1,1,81,0,23.0,197,0,0,79.0
20,2,1,24,1,29.0,667,1,1,38.0
2,2,0,62,1,17.0,1772,1,0,72.0
17,1,0,21,1,16.0,81,0,0,55.0
10,2,0,8,0,27.0,646,0,0,45.0
8,2,1,83,0,26.0,59,0,1,35.0
13,0,1,23,1,22.0,1149,0,0,53.0
15,1,1,20,1,23.0,621,1,0,61.0
1,1,0,79,0,16.0,113,0,0,55.0
19,0,1,47,0,22.0,651,0,0,43.0
2,2,0,46,0,17.0,1040,1,0,63.0
6,1,1,44,1,22.0,820,0,1,47.0
3,2,1,85,0,24.0,1658,1,0,55.0
11,0,1,17,1,24.0,139,1,1,29.0
10,2,0,9,1,25.0,277,1,1,42.0
3,2,1,85,0,24.0,1127,1,0,54.0
14,2,1,15,1,24.0,1196,0,0,53.0
22,2,1,94,1,30.0,792,1,1,38.0
19,0,1,36,0,19.0,1303,1,0,66.0
21,1,1,7,0,24.0,1426,0,0,67.0
10,2,0,8,0,27.0,254,0,1,43.0
9,2,0,59,0,17.0,1790,0,0,81.0
8,2,1,34,1,24.0,145,0,0,35.0
9,2,0,59,0,17.0,1499,1,0,93.0
6,1,1,95,1,27.0,810,1,1,52.0
11,0,1,68,1,23.0,437,0,1,35.0
4,1,1,74,1,20.0,1380,1,1,55.0
9,2,0,91,1,17.0,1009,0,0,71.0
20,2,1,24,1,29.0,1139,1,1,43.0
4,1,1,71,0,28.0,1958,1,1,56.0
8,2,1,61,1,24.0,878,0,1,42.0
6,1,1,55,0,27.0,330,1,1,66.0
20,2,1,92,0,30.0,20,1,1,30.0
16,1,1,48,0,19.0,1751,0,0,75.0
16,1,1,1,1,21.0,1949,0,0,87.0
6,1,1,95,1,27.0,1360,0,1,54.0
22,2,1,94,1,30.0,1930,1,1,46.0
8,2,1,61,1,24.0,90,1,1,37.0
19,0,1,13,1,18.0,934,1,0,45.0
3,2,1,5,1,28.0,1267,1,0,56.0
7,0,1,38,0,22.0,607,1,0,55.0
1,1,0,11,0,18.0,1317,1,1,61.0
15,1,1,72,1,21.0,1978,1,0,68.0
9,2,0,59,0,17.0,1555,0,0,86.0
8,2,1,78,1,25.0,641,0,1,41.0
1,1,0,80,1,19.0,125,0,0,58.0
2,2,0,46,0,17.0,520,1,0,67.0
18,0,0,50,1,16.0,1428,1,1,53.0
2,2,0,37,1,21.0,1363,0,0,69.0
13,0,1,19,0,17.0,1783,0,0,63.0
10,2,0,8,0,27.0,140,0,1,42.0
8,2,1,78,1,25.0,1626,0,1,39.0
8,2,1,61,1,24.0,1226,1,1,40.0
16,1,1,26,1,25.0,967,0,0,86.0
2,2,0,46,0,17.0,1865,1,0,61.0
8,2,1,45,1,28.0,463,1,1,31.0
3,2,1,5,1,28.0,1701,0,1,52.0
20,2,1,24,1,29.0,1489,1,1,41.0
22,2,1,94,1,30.0,1063,1,0,39.0
22,2,1,94,1,30.0,920,0,1,42.0
1,1,0,80,1,19.0,1022,0,1,68.0
21,1,1,81,0,23.0,951,0,0,79.0
22,2,1,67,1,30.0,135,0,1,39.0
21,1,1,16,1,22.0,1441,0,0,66.0
11,0,1,57,1,22.0,1405,1,1,42.0
12,0,1,30,1,21.0,1633,0,0,58.0
18,0,0,32,0,20.0,472,0,1,55.0
5,0,0,18,0,18.0,1716,0,1,56.0
19,0,1,42,1,20.0,1935,1,0,50.0
19,0,1,35,1,21.0,867,1,1,63.0
9,2,0,91,1,17.0,364,0,0,72.0
20,2,1,28,0,30.0,1075,0,1,30.0
9,2,0,0,1,22.0,803,1,0,74.0
4,1,1,65,0,20.0,152,0,1,39.0
21,1,1,16,1,22.0,1801,1,0,63.0
8,2,1,45,1,28.0,1786,0,1,34.0
19,0,1,47,0,22.0,460,1,0,45.0
21,1,1,81,0,23.0,1976,1,0,76.0
17,1,0,43,0,16.0,996,1,0,72.0
14,2,1,2,0,28.0,1861,1,0,46.0
9,2,0,91,1,17.0,1032,1,0,68.0
1,1,0,39,0,20.0,1165,0,0,66.0
8,2,1,34,1,24.0,986,0,1,36.0
6,1,1,55,0,27.0,399,0,1,59.0
6,1,1,93,1,21.0,531,1,0,47.0
11,0,1,14,1,22.0,1972,0,1,32.0
20,2,1,76,1,25.0,1302,0,1,38.0
9,2,0,41,1,17.0,206,1,0,76.0
2,2,0,27,1,19.0,1603,1,0,64.0
14,2,1,15,1,24.0,1062,0,0,54.0
9,2,0,59,0,17.0,182,0,0,83.0
21,1,1,7,0,24.0,676,0,0,69.0
4,1,1,10,1,27.0,1043,0,1,48.0
13,0,1,23,1,22.0,1527,1,0,49.0
21,1,1,81,0,23.0,1326,0,0,72.0
22,2,1,67,1,30.0,105,0,1,40.0
13,0,1,87,1,23.0,565,1,0,56.0
21,1,1,81,0,23.0,1465,1,0,74.0
14,2,1,15,1,24.0,666,1,0,51.0
8,2,1,34,1,24.0,693,1,1,36.0
6,1,1,55,0,27.0,1502,0,1,60.0
17,1,0,73,1,15.0,11,1,0,68.0
4,1,1,89,1,27.0,1885,1,0,61.0
8,2,1,78,1,25.0,800,0,1,37.0
7,0,1,38,0,22.0,510,1,1,55.0
14,2,1,70,1,22.0,1408,0,0,47.0
21,1,1,81,0,23.0,283,0,0,77.0
9,2,0,25,0,21.0,558,0,0,74.0
22,2,1,67,1,30.0,610,1,1,38.0
13,0,1,19,0,17.0,745,1,0,63.0
18,0,0,50,1,16.0,485,0,1,46.0
13,0,1,40,1,19.0,1014,0,0,61.0
6,1,1,93,1,21.0,1131,0,1,42.0
13,0,1,87,1,23.0,1919,1,0,58.0
22,2,1,66,0,30.0,1614,0,1,39.0
8,2,1,83,0,26.0,338,1,0,40.0
22,2,1,67,1,30.0,1823,1,1,41.0
18,0,0,50,1,16.0,1074,1,1,45.0
10,2,0,9,1,25.0,697,0,1,42.0
19,0,1,47,0,22.0,215,0,0,43.0
11,0,1,14,1,22.0,1198,0,1,29.0
10,2,0,8,0,27.0,1572,1,1,45.0
21,1,1,16,1,22.0,1230,0,0,66.0
6,1,1,95,1,27.0,1304,0,0,60.0
17,1,0,21,1,16.0,1942,1,0,62.0
2,2,0,37,1,21.0,431,1,0,67.0
17,1,0,60,1,20.0,1604,1,0,72.0
16,1,1,63,0,23.0,1364,1,0,70.0
13,0,1,87,1,23.0,756,1,1,54.0
8,2,1,78,1,25.0,1061,0,1,35.0
6,1,1,86,1,21.0,1557,1,1,55.0
3,2,1,85,0,24.0,1079,1,0,52.0
14,2,1,84,0,25.0,295,1,0,62.0
19,0,1,36,0,19.0,1183,1,0,58.0
9,2,0,25,0,21.0,1679,1,0,78.0
1,1,0,49,0,15.0,56,0,0,65.0
22,2,1,67,1,30.0,441,0,1,46.0
0,2,0,22,1,20.0,198,0,0,66.0
4,1,1,10,1,27.0,1678,1,1,53.0
8,2,1,83,0,26.0,498,0,1,34.0
2,2,0,37,1,21.0,267,1,0,67.0
8,2,1,45,1,28.0,1212,1,1,31.0
15,1,1,20,1,23.0,615,0,0,58.0
14,2,1,70,1,22.0,832,0,0,52.0
14,2,1,84,0,25.0,1484,0,0,63.0
7,0,1,77,0,23.0,802,1,1,54.0
22,2,1,94,1,30.0,1515,1,1,38.0
3,2,1,85,0,24.0,1618,1,0,53.0
1,1,0,64,1,21.0,43,0,1,68.0
14,2,1,90,1,22.0,1325,1,1,56.0
21,1,1,7,0,24.0,1012,1,0,60.0
7,0,1,77,0,23.0,807,1,0,53.0
8,2,1,34,1,24.0,434,1,0,33.0
19,0,1,13,1,18.0,988,1,0,39.0
3,2,1,5,1,28.0,341,0,0,52.0
2,2,0,27,1,19.0,418,1,0,59.0
11,0,1,57,1,22.0,1348,0,1,42.0
8,2,1,78,1,25.0,365,0,1,36.0
11,0,1,12,1,20.0,1389,0,1,50.0
8,2,1,83,0,26.0,1168,1,1,38.0
17,1,0,29,0,17.0,322,1,0,63.0
2,2,0,37,1,21.0,1026,1,0,71.0
6,1,1,86,1,21.0,728,0,1,58.0
1,1,0,79,0,16.0,1544,0,1,53.0
17,1,0,73,1,15.0,1056,1,0,63.0
7,0,1,77,0,23.0,1083,0,1,54.0
20,2,1,76,1,25.0,243,1,1,36.0
8,2,1,45,1,28.0,815,0,1,23.0
8,2,1,78,1,25.0,1274,1,1,38.0
3,2,1,85,0,24.0,1674,1,1,48.0
21,1,1,16,1,22.0,192,1,0,63.0
9,2,0,91,1,17.0,1698,0,0,70.0
1,1,0,64,1,21.0,1613,0,0,72.0
11,0,1,57,1,22.0,1323,0,1,50.0
8,2,1,34,1,24.0,833,0,1,30.0
16,1,1,48,0,19.0,1115,1,0,76.0
1,1,0,64,1,21.0,78,1,1,74.0
21,1,1,16,1,22.0,278,0,0,71.0
9,2,0,91,1,17.0,804,1,0,66.0
4,1,1,10,1,27.0,794,0,0,54.0
13,0,1,87,1,23.0,1784,1,0,58.0
21,1,1,81,0,23.0,1342,1,0,74.0
22,2,1,67,1,30.0,1351,0,1,43.0
6,1,1,44,1,22.0,1057,0,1,44.0
20,2,1,92,0,30.0,747,0,1,33.0
15,1,1,72,1,21.0,628,1,0,65.0
8,2,1,45,1,28.0,678,0,1,28.0
15,1,1,20,1,23.0,1957,0,0,70.0
1,1,0,64,1,21.0,1476,0,0,71.0
16,1,1,1,1,21.0,1733,1,0,86.0
13,0,1,87,1,23.0,1961,1,0,56.0
15,1,1,56,1,21.0,840,1,0,56.0
14,2,1,70,1,22.0,369,1,0,47.0
6,1,1,55,0,27.0,1968,1,1,64.0
14,2,1,2,0,28.0,926,0,0,48.0
4,1,1,71,0,28.0,1367,1,1,60.0
22,2,1,94,1,30.0,835,1,1,42.0
20,2,1,76,1,25.0,1417,1,1,40.0
8,2,1,78,1,25.0,594,0,1,41.0
21,1,1,16,1,22.0,231,0,0,65.0
12,0,1,30,1,21.0,1546,1,0,63.0
16,1,1,1,1,21.0,1879,0,0,87.0
14,2,1,84,0,25.0,1699,1,0,63.0
4,1,1,89,1,27.0,519,1,1,56.0
14,2,1,2,0,28.0,348,1,0,44.0
13,0,1,40,1,19.0,282,1,0,60.0
13,0,1,87,1,23.0,488,0,0,52.0
7,0,1,82,1,19.0,1827,0,0,45.0
18,0,0,32,0,20.0,77,0,1,59.0
8,2,1,3,1,31.0,1330,1,1,42.0
5,0,0,52,0,14.0,190,1,0,58.0
20,2,1,28,0,30.0,355,0,1,30.0
7,0,1,77,0,23.0,162,1,1,54.0
19,0,1,35,1,21.0,394,0,0,65.0
10,2,0,9,1,25.0,523,0,1,39.0
11,0,1,14,1,22.0,312,0,1,30.0
9,2,0,0,1,22.0,593,0,0,73.0
22,2,1,33,1,27.0,203,0,1,49.0
7,0,1,38,0,22.0,1721,1,1,46.0
2,2,0,27,1,19.0,1413,0,0,61.0
14,2,1,84,0,25.0,166,1,0,63.0
15,1,1,6,1,22.0,539,1,0,56.0
0,2,0,22,1,20.0,1952,1,0,64.0
3,2,1,85,0,24.0,1543,1,1,54.0
3,2,1,58,1,28.0,495,1,1,52.0
20,2,1,28,0,30.0,1682,0,1,32.0
17,1,0,43,0,16.0,1877,0,0,67.0
8,2,1,34,1,24.0,940,0,1,33.0
11,0,1,17,1,24.0,1407,0,1,34.0
20,2,1,24,1,29.0,447,0,1,46.0
11,0,1,17,1,24.0,754,1,1,36.0
4,1,1,89,1,27.0,1382,0,1,52.0
13,0,1,87,1,23.0,1018,0,1,55.0
2,2,0,27,1,19.0,52,1,0,60.0
22,2,1,66,0,30.0,294,0,1,38.0
4,1,1,10,1,27.0,1563,1,1,52.0
6,1,1,95,1,27.0,598,1,1,56.0
21,1,1,7,0,24.0,296,0,0,73.0
2,2,0,27,1,19.0,310,1,0,62.0
10,2,0,9,1,25.0,1866,1,1,39.0
8,2,1,45,1,28.0,1229,1,1,30.0
8,2,1,61,1,24.0,1257,1,1,36.0
22,2,1,66,0,30.0,1130,0,1,37.0
12,0,1,69,0,17.0,1845,1,0,67.0
15,1,1,72,1,21.0,603,0,0,66.0
8,2,1,34,1,24.0,1103,0,1,37.0
17,1,0,60,1,20.0,316,1,1,66.0
0,2,0,96,1,21.0,1977,1,0,60.0
15,1,1,20,1,23.0,1170,0,0,70.0
11,0,1,12,1,20.0,396,0,1,51.0
16,1,1,88,1,22.0,1873,1,0,77.0
20,2,1,92,0,30.0,268,1,1,29.0
11,0,1,68,1,23.0,1220,1,1,31.0
17,1,0,73,1,15.0,1332,0,0,67.0
8,2,1,34,1,24.0,1066,1,1,33.0
16,1,1,88,1,22.0,553,0,0,77.0
13,0,1,87,1,23.0,562,1,1,55.0
20,2,1,24,1,29.0,69,0,1,39.0
16,1,1,63,0,23.0,1355,1,0,72.0
9,2,0,91,1,17.0,1851,1,0,68.0
7,0,1,77,0,23.0,169,1,1,57.0
4,1,1,74,1,20.0,897,1,1,58.0
11,0,1,14,1,22.0,1468,0,1,27.0
7,0,1,77,0,23.0,1113,0,1,48.0
14,2,1,15,1,24.0,1129,1,0,51.0
9,2,0,41,1,17.0,102,0,0,75.0
2,2,0,27,1,19.0,1687,0,0,61.0
3,2,1,58,1,28.0,1662,1,0,57.0
18,0,0,50,1,16.0,768,1,1,53.0
20,2,1,24,1,29.0,1173,0,1,45.0
1,1,0,80,1,19.0,1561,1,1,65.0
19,0,1,47,0,22.0,205,0,0,42.0
11,0,1,57,1,22.0,579,1,1,40.0
15,1,1,56,1,21.0,1208,1,0,65.0
17,1,0,29,0,17.0,239,1,0,65.0
11,0,1,14,1,22.0,1627,0,1,26.0
18,0,0,32,0,20.0,1668,0,1,55.0
5,0,0,52,0,14.0,1374,0,0,60.0
9,2,0,41,1,17.0,1498,0,0,71.0
10,2,0,8,0,27.0,122,1,1,39.0
7,0,1,77,0,23.0,964,1,1,51.0
2,2,0,62,1,17.0,1694,0,0,71.0
5,0,0,18,0,18.0,590,1,1,68.0
11,0,1,57,1,22.0,906,1,1,45.0
22,2,1,33,1,27.0,1206,0,1,53.0
17,1,0,43,0,16.0,237,0,0,72.0
16,1,1,48,0,19.0,1271,1,0,79.0
12,0,1,30,1,21.0,1761,0,0,66.0
2,2,0,62,1,17.0,644,0,0,66.0
0,2,0,96,1,21.0,246,0,1,56.0
20,2,1,28,0,30.0,149,1,1,34.0
16,1,1,54,0,18.0,1305,0,0,76.0
8,2,1,61,1,24.0,1853,1,1,40.0
10,2,0,9,1,25.0,1420,1,1,38.0
2,2,0,27,1,19.0,865,0,0,58.0
6,1,1,95,1,27.0,470,0,0,54.0
4,1,1,89,1,27.0,619,1,0,60.0
8,2,1,3,1,31.0,632,1,1,46.0
8,2,1,45,1,28.0,1634,1,1,27.0
22,2,1,66,0,30.0,269,1,1,34.0
0,2,0,22,1,20.0,217,1,0,64.0
8,2,1,83,0,26.0,737,1,1,40.0
22,2,1,94,1,30.0,1769,0,1,38.0
19,0,1,35,1,21.0,1960,1,0,63.0
16,1,1,54,0,18.0,1797,0,0,67.0
14,2,1,75,1,28.0,343,0,0,55.0
13,0,1,40,1,19.0,936,1,0,58.0
1,1,0,39,0,20.0,770,0,0,73.0
15,1,1,20,1,23.0,1888,1,0,68.0
19,0,1,42,1,20.0,86,1,0,55.0
18,0,0,53,0,15.0,1345,1,1,51.0
11,0,1,57,1,22.0,1743,0,1,43.0
3,2,1,5,1,28.0,735,1,0,59.0
20,2,1,92,0,30.0,1035,1,1,33.0
16,1,1,48,0,19.0,512,1,0,74.0
13,0,1,19,0,17.0,805,1,0,61.0
17,1,0,29,0,17.0,1406,1,0,68.0
17,1,0,29,0,17.0,1446,0,0,75.0
8,2,1,78,1,25.0,985,0,1,38.0
16,1,1,26,1,25.0,1319,0,0,87.0
1,1,0,11,0,18.0,91,0,0,61.0
19,0,1,13,1,18.0,1156,0,1,36.0
9,2,0,91,1,17.0,1859,0,0,71.0
17,1,0,29,0,17.0,133,1,1,64.0
22,2,1,66,0,30.0,1839,0,1,36.0
13,0,1,87,1,23.0,561,0,0,63.0
12,0,1,69,0,17.0,1076,1,0,63.0
19,0,1,35,1,21.0,959,1,0,65.0
22,2,1,66,0,30.0,885,1,1,30.0
7,0,1,77,0,23.0,1174,1,1,56.0
17,1,0,21,1,16.0,725,1,0,65.0
7,0,1,82,1,19.0,1518,0,1,39.0
3,2,1,31,1,27.0,780,0,0,50.0
22,2,1,94,1,30.0,608,0,1,39.0
17,1,0,73,1,15.0,1946,1,0,62.0
11,0,1,17,1,24.0,465,1,1,31.0
20,2,1,76,1,25.0,256,1,1,38.0
12,0,1,30,1,21.0,900,1,0,62.0
0,2,0,96,1,21.0,1684,0,0,59.0
16,1,1,54,0,18.0,1297,1,0,75.0
5,0,0,4,0,14.0,961,1,1,56.0
14,2,1,84,0,25.0,992,0,0,58.0
18,0,0,32,0,20.0,1322,1,1,49.0
16,1,1,88,1,22.0,999,0,0,80.0
6,1,1,44,1,22.0,1144,0,1,46.0
11,0,1,68,1,23.0,1884,0,1,36.0
19,0,1,36,0,19.0,170,0,0,60.0
11,0,1,14,1,22.0,1213,0,1,32.0
12,0,1,51,1,19.0,787,1,0,65.0
22,2,1,66,0,30.0,1289,0,1,35.0
21,1,1,16,1,22.0,1379,0,0,66.0
21,1,1,16,1,22.0,855,1,0,62.0
11,0,1,68,1,23.0,1150,1,1,35.0
16,1,1,26,1,25.0,1782,0,0,84.0
20,2,1,28,0,30.0,258,1,1,32.0
8,2,1,3,1,31.0,1100,0,1,44.0
6,1,1,55,0,27.0,771,1,1,61.0
8,2,1,34,1,24.0,461,0,1,27.0
18,0,0,32,0,20.0,1412,0,1,53.0
16,1,1,26,1,25.0,1237,1,0,82.0
4,1,1,89,1,27.0,786,0,0,63.0
3,2,1,31,1,27.0,1806,1,0,51.0
12,0,1,51,1,19.0,1753,1,0,54.0
1,1,0,11,0,18.0,568,1,0,65.0
2,2,0,62,1,17.0,816,0,0,67.0
13,0,1,19,0,17.0,525,0,1,56.0
11,0,1,17,1,24.0,1854,0,1,32.0
20,2,1,76,1,25.0,1288,1,1,37.0
3,2,1,58,1,28.0,1290,1,0,57.0
11,0,1,68,1,23.0,75,0,1,39.0
20,2,1,28,0,30.0,954,0,1,31.0
11,0,1,57,1,22.0,1088,1,1,47.0
4,1,1,10,1,27.0,743,1,1,46.0
8,2,1,83,0,26.0,1590,0,1,41.0
22,2,1,33,1,27.0,1293,1,1,46.0
10,2,0,8,0,27.0,1331,0,1,44.0
20,2,1,28,0,30.0,527,1,1,34.0
13,0,1,23,1,22.0,393,1,0,48.0
4,1,1,74,1,20.0,1093,1,1,53.0
22,2,1,66,0,30.0,51,1,1,25.0
11,0,1,14,1,22.0,720,1,1,30.0
15,1,1,56,1,21.0,1883,1,0,60.0
4,1,1,10,1,27.0,1624,1,1,54.0
1,1,0,39,0,20.0,156,0,0,63.0
4,1,1,71,0,28.0,1964,0,1,54.0
16,1,1,54,0,18.0,533,1,0,74.0
7,0,1,77,0,23.0,79,0,1,56.0
21,1,1,7,0,24.0,1770,0,0,62.0
15,1,1,20,1,23.0,45,0,0,67.0
4,1,1,71,0,28.0,319,1,1,57.0
14,2,1,70,1,22.0,1526,1,0,52.0
13,0,1,23,1,22.0,1822,1,0,44.0
18,0,0,50,1,16.0,225,1,1,51.0
11,0,1,12,1,20.0,1350,1,1,48.0
15,1,1,6,1,22.0,844,0,0,58.0
17,1,0,21,1,16.0,452,1,0,59.0
17,1,0,43,0,16.0,521,0,0,71.0
15,1,1,20,1,23.0,904,0,0,66.0
1,1,0,39,0,20.0,1106,0,0,66.0
6,1,1,44,1,22.0,1419,0,1,48.0
11,0,1,68,1,23.0,511,1,1,29.0
13,0,1,19,0,17.0,823,1,0,65.0
16,1,1,1,1,21.0,315,0,0,87.0
10,2,0,8,0,27.0,709,1,1,38.0
21,1,1,16,1,22.0,263,0,0,70.0
2,2,0,27,1,19.0,625,1,0,62.0
12,0,1,69,0,17.0,859,1,0,63.0
7,0,1,77,0,23.0,612,0,1,55.0
9,2,0,0,1,22.0,629,0,0,74.0
10,2,0,8,0,27.0,1385,0,1,43.0
4,1,1,71,0,28.0,1118,1,0,58.0
3,2,1,31,1,27.0,634,1,1,44.0
18,0,0,53,0,15.0,503,0,1,58.0
2,2,0,62,1,17.0,1396,0,0,62.0
11,0,1,17,1,24.0,1513,1,1,32.0
14,2,1,2,0,28.0,1908,1,0,45.0
9,2,0,91,1,17.0,138,0,0,71.0
14,2,1,90,1,22.0,831,0,0,56.0
21,1,1,81,0,23.0,928,0,0,72.0
13,0,1,23,1,22.0,1388,1,0,47.0
14,2,1,70,1,22.0,529,1,0,50.0
7,0,1,77,0,23.0,306,1,1,54.0
9,2,0,59,0,17.0,739,0,0,83.0
10,2,0,8,0,27.0,111,1,1,39.0
12,0,1,30,1,21.0,219,0,0,65.0
13,0,1,19,0,17.0,1795,1,0,62.0
10,2,0,9,1,25.0,526,0,0,41.0
22,2,1,33,1,27.0,705,0,1,49.0
16,1,1,26,1,25.0,233,0,0,82.0
15,1,1,6,1,22.0,1920,0,0,64.0
6,1,1,55,0,27.0,541,0,1,65.0
15,1,1,72,1,21.0,159,0,0,73.0
9,2,0,25,0,21.0,1422,1,0,71.0
20,2,1,28,0,30.0,30,0,1,30.0
21,1,1,7,0,24.0,1567,0,1,61.0
4,1,1,65,0,20.0,1869,0,1,39.0
0,2,0,96,1,21.0,662,0,0,60.0
8,2,1,61,1,24.0,1394,0,0,47.0
2,2,0,27,1,19.0,1336,0,0,61.0
19,0,1,13,1,18.0,723,1,0,38.0
9,2,0,25,0,21.0,1912,0,0,78.0
8,2,1,3,1,31.0,578,1,1,46.0
0,2,0,22,1,20.0,1102,0,0,60.0
20,2,1,28,0,30.0,1863,0,1,34.0
18,0,0,53,0,15.0,1729,1,1,53.0
8,2,1,83,0,26.0,853,1,1,42.0
10,2,0,9,1,25.0,1401,0,0,42.0
6,1,1,95,1,27.0,392,1,1,51.0
4,1,1,71,0,28.0,301,0,1,61.0
1,1,0,80,1,19.0,1955,0,1,60.0
15,1,1,56,1,21.0,74,0,0,54.0
1,1,0,49,0,15.0,742,0,1,65.0
20,2,1,76,1,25.0,148,0,1,37.0
14,2,1,15,1,24.0,1447,1,0,49.0
15,1,1,20,1,23.0,1164,0,0,66.0
15,1,1,20,1,23.0,334,1,0,61.0
4,1,1,71,0,28.0,184,0,0,62.0
9,2,0,91,1,17.0,572,0,0,67.0
6,1,1,44,1,22.0,1016,0,1,41.0
2,2,0,62,1,17.0,1862,1,0,64.0
5,0,0,18,0,18.0,1921,1,0,68.0
16,1,1,1,1,21.0,718,1,0,82.0
4,1,1,89,1,27.0,873,0,1,56.0
10,2,0,9,1,25.0,1748,1,1,44.0
0,2,0,96,1,21.0,585,0,0,60.0
5,0,0,18,0,18.0,1377,1,0,72.0
11,0,1,57,1,22.0,4,1,1,48.0
1,1,0,49,0,15.0,1169,1,1,62.0
3,2,1,5,1,28.0,273,0,0,60.0
21,1,1,81,0,23.0,679,1,0,69.0
18,0,0,50,1,16.0,1068,1,1,49.0
8,2,1,61,1,24.0,153,1,1,41.0
17,1,0,43,0,16.0,1411,1,0,71.0
8,2,1,3,1,31.0,1934,1,1,48.0
13,0,1,40,1,19.0,1529,1,0,61.0
15,1,1,56,1,21.0,1899,0,1,51.0
12,0,1,51,1,19.0,1433,0,0,60.0
11,0,1,17,1,24.0,845,1,1,33.0
15,1,1,6,1,22.0,753,0,0,60.0
19,0,1,36,0,19.0,732,1,0,63.0
17,1,0,29,0,17.0,1030,1,0,67.0
22,2,1,94,1,30.0,788,0,1,41.0
17,1,0,60,1,20.0,1941,0,1,61.0
20,2,1,76,1,25.0,26,0,1,41.0
1,1,0,49,0,15.0,1818,1,1,60.0
7,0,1,82,1,19.0,1550,1,1,39.0
10,2,0,8,0,27.0,134,1,1,39.0
17,1,0,73,1,15.0,1045,1,0,67.0
2,2,0,46,0,17.0,401,0,0,66.0
14,2,1,75,1,28.0,734,1,0,53.0
1,1,0,49,0,15.0,1809,0,0,59.0
22,2,1,67,1,30.0,1765,1,1,36.0
17,1,0,60,1,20.0,124,0,0,71.0
4,1,1,10,1,27.0,1882,0,0,49.0
14,2,1,2,0,28.0,1214,1,0,50.0
8,2,1,3,1,31.0,216,1,1,50.0
6,1,1,95,1,27.0,80,0,1,58.0
9,2,0,0,1,22.0,1321,1,0,74.0
17,1,0,73,1,15.0,467,1,0,70.0
21,1,1,7,0,24.0,1661,1,1,65.0
8,2,1,61,1,24.0,811,1,1,45.0
0,2,0,96,1,21.0,1453,0,0,61.0
19,0,1,42,1,20.0,1609,0,1,43.0
15,1,1,6,1,22.0,1352,1,0,59.0
8,2,1,3,1,31.0,1933,0,0,55.0
8,2,1,61,1,24.0,287,1,1,36.0
14,2,1,15,1,24.0,1637,1,0,49.0
20,2,1,24,1,29.0,1793,0,1,35.0
8,2,1,3,1,31.0,1153,0,1,49.0
16,1,1,63,0,23.0,1642,0,0,72.0
20,2,1,92,0,30.0,1051,1,1,32.0
2,2,0,62,1,17.0,899,1,0,66.0
14,2,1,75,1,28.0,1310,1,0,54.0
15,1,1,6,1,22.0,1629,0,0,63.0
14,2,1,75,1,28.0,847,0,0,55.0
15,1,1,72,1,21.0,1458,1,0,69.0
20,2,1,24,1,29.0,1902,0,1,40.0
7,0,1,77,0,23.0,692,0,1,51.0
14,2,1,70,1,22.0,902,1,0,49.0
11,0,1,57,1,22.0,894,1,1,46.0
15,1,1,56,1,21.0,497,1,0,56.0
1,1,0,64,1,21.0,545,0,0,78.0
22,2,1,33,1,27.0,1562,1,1,49.0
8,2,1,83,0,26.0,514,0,1,39.0
6,1,1,93,1,21.0,323,0,1,47.0
21,1,1,7,0,24.0,1712,1,0,61.0
14,2,1,90,1,22.0,1584,1,0,59.0
5,0,0,4,0,14.0,1947,0,0,58.0
4,1,1,89,1,27.0,616,1,1,60.0
14,2,1,2,0,28.0,242,1,0,45.0
18,0,0,32,0,20.0,1473,1,1,57.0
16,1,1,63,0,23.0,532,1,0,70.0
1,1,0,49,0,15.0,1316,1,1,59.0
4,1,1,65,0,20.0,1778,1,0,45.0
13,0,1,23,1,22.0,164,1,0,47.0
20,2,1,28,0,30.0,1189,0,1,35.0
16,1,1,63,0,23.0,174,0,0,75.0
8,2,1,78,1,25.0,1648,0,1,36.0
12,0,1,69,0,17.0,1440,0,0,64.0
22,2,1,67,1,30.0,376,0,1,44.0
2,2,0,37,1,21.0,984,0,0,70.0
20,2,1,24,1,29.0,1445,1,1,42.0
15,1,1,72,1,21.0,1301,0,0,68.0
15,1,1,6,1,22.0,478,0,0,64.0
14,2,1,70,1,22.0,556,1,0,49.0
5,0,0,4,0,14.0,171,1,0,63.0
0,2,0,96,1,21.0,1369,0,0,57.0
3,2,1,5,1,28.0,1286,0,0,56.0
20,2,1,28,0,30.0,1488,1,1,32.0
10,2,0,8,0,27.0,1506,0,1,37.0
6,1,1,55,0,27.0,1917,0,0,67.0
11,0,1,17,1,24.0,1275,0,1,34.0
5,0,0,4,0,14.0,973,0,0,64.0
13,0,1,40,1,19.0,409,0,0,62.0
17,1,0,21,1,16.0,32,0,0,62.0
11,0,1,57,1,22.0,707,1,1,45.0
17,1,0,29,0,17.0,1681,1,0,69.0
12,0,1,30,1,21.0,1763,0,0,63.0
6,1,1,44,1,22.0,798,0,1,46.0
6,1,1,95,1,27.0,914,1,1,54.0
6,1,1,86,1,21.0,118,0,0,59.0
9,2,0,0,1,22.0,1384,1,0,74.0
8,2,1,34,1,24.0,199,1,0,38.0
19,0,1,13,1,18.0,1580,1,0,43.0
7,0,1,82,1,19.0,344,1,0,42.0
16,1,1,26,1,25.0,1105,0,0,81.0
16,1,1,48,0,19.0,1238,0,0,79.0
7,0,1,38,0,22.0,391,0,1,57.0
19,0,1,47,0,22.0,1146,1,0,43.0
17,1,0,29,0,17.0,1431,0,0,78.0
1,1,0,80,1,19.0,1177,0,1,65.0
19,0,1,36,0,19.0,1159,1,0,53.0
4,1,1,74,1,20.0,384,0,0,63.0
20,2,1,76,1,25.0,202,0,1,38.0
13,0,1,87,1,23.0,1171,0,0,57.0
6,1,1,95,1,27.0,627,1,1,52.0
12,0,1,30,1,21.0,834,1,0,59.0
15,1,1,6,1,22.0,1628,0,0,56.0
0,2,0,96,1,21.0,1762,0,0,62.0
15,1,1,20,1,23.0,60,1,0,62.0
14,2,1,84,0,25.0,575,1,0,60.0
20,2,1,28,0,30.0,671,1,1,31.0
12,0,1,51,1,19.0,1939,0,0,60.0
16,1,1,1,1,21.0,1280,0,0,82.0
2,2,0,46,0,17.0,251,1,0,73.0
18,0,0,50,1,16.0,554,1,1,47.0
17,1,0,60,1,20.0,486,0,0,65.0
2,2,0,62,1,17.0,812,0,0,68.0
16,1,1,63,0,23.0,1821,1,0,71.0
10,2,0,9,1,25.0,1175,0,1,37.0
12,0,1,30,1,21.0,882,0,0,58.0
9,2,0,59,0,17.0,109,0,0,85.0
9,2,0,25,0,21.0,1703,1,0,76.0
4,1,1,71,0,28.0,459,1,1,55.0
13,0,1,87,1,23.0,1906,1,0,59.0
19,0,1,35,1,21.0,436,1,0,63.0
22,2,1,94,1,30.0,1454,1,1,41.0
20,2,1,24,1,29.0,73,0,1,48.0
11,0,1,68,1,23.0,767,1,1,31.0
22,2,1,33,1,27.0,991,1,1,45.0
11,0,1,57,1,22.0,774,1,1,47.0
9,2,0,41,1,17.0,703,0,0,71.0
0,2,0,22,1,20.0,1511,1,0,64.0
4,1,1,89,1,27.0,1119,0,1,58.0
